start=9.160000
volume=90.000000
